{
    "also": 2.6486586255873816,
    "and": 2.466337068793427,
    "another": 1.8602012652231115,
    "context": 2.466337068793427,
    "for": 1.4855078157817008,
    "four": 2.466337068793427,
    "gets": 2.466337068793427,
    "goes": 2.466337068793427,
    "it": 2.466337068793427,
    "last": 2.466337068793427,
    "one": 2.466337068793427,
    "produce": 2.466337068793427,
    "product": 2.466337068793427,
    "sample": 2.466337068793427,
    "sentence": 1.8602012652231115,
    "three": 2.466337068793427,
    "to": 2.466337068793427,
    "two": 2.466337068793427,
    "zero": 2.466337068793427
}